23.08852626992154
25.75347137279139
23.84364248284776
27.104852401668904
19.62881779395171
22.961335782130803
24.438566949105468
24.320172291412767
23.238786505743285
24.446419432767982
23.2961909186797
22.798315235806086
28.88943160091734
23.315430537245874
18.239352078164828
20.588714574205984
20.53549029050303
22.20731864990844
20.844280775325174
22.61169144627242
23.847809972033858
21.532484655943495
26.500851669510272
18.77682739139498
21.63622286673669
22.709224073934493
20.09186154959128
27.149627387567254
21.74690699431723
21.602373352691462
29.331506390543495
23.13050841821951
22.174250402961963
24.949660952499805
22.263857142365033
24.902037019423155
24.731349993991106
23.874368990739306
24.324939201232443
15.47074558276482
22.908455453171317
24.654589559594083
25.513165400202205
22.349996623254093
22.165916607167354
25.075647330120503
19.522597234761125
26.781575040321577
23.43318495686999
24.267046103499872
18.623934360053326
24.449465957198914
29.891043849326266
26.050990111863655
27.536455302074184
22.107570837137896
26.056223132306993
28.645953856811847
32.95030508386773
20.33496938434899
21.249205636076642
25.047725140030007
24.31583238984572
32.328918802648836
25.49042266429938
23.915959855308024
22.507101376916815
20.394051340173082
25.355257951022836
27.15756985113636
