34.26764104351378
27.610301485178162
36.508966187831625
28.63804747467954
28.1234255724506
27.786575254253147
28.37729442927465
27.261611410241688
28.02380453306727
25.5408082221108
29.051687724363536
25.40397358456932
25.64151338602158
27.669783642836972
25.02090983555842
22.9108566048903
21.4539280667817
30.92762593127247
27.889276358897295
30.579108266194382
29.871960404499447
22.35437373776639
21.751738566444835
26.419791867003614
34.56059402573469
24.10844513635856
23.221750316890574
29.330104627344678
18.822911990474445
28.775652506646473
25.963248916025453
24.74693221696976
22.90351001893016
25.08844283854712
21.67815833021618
16.46780770389635
22.909593134832832
21.232322658431055
18.3136211960998
22.434021713053873
21.624457720469216
22.450689508368388
24.624544171918142
25.822198470618364
23.39850522556147
27.094549470108433
24.354279133697695
24.544468920394515
24.7945611245257
25.725637343870694
26.766509808238762
23.07816950325032
26.822724795663905
23.5150998378739
24.38911719270208
22.496811931816136
25.906688037594204
26.47770065772096
23.12351066651792
23.05258325895903
17.876242042140518
25.898027990268528
27.477623104154556
23.31604188822675
27.161805097528937
21.06923034948401
22.222401178829198
22.134733225611342
21.90183701200076
28.600040352285916
