25.307636577357655
21.005131961781718
31.157495502892765
24.956924987901207
30.664986258961036
22.685061492158912
25.772381311014318
28.644927859118628
29.710599984866864
30.659932864488805
30.679965085084717
16.487904814911577
26.732212447954495
23.030362278943812
22.667538144023048
31.445449552680792
20.742162644280352
32.23327264588484
22.66715049434043
30.59082513214048
31.852161218683158
35.23473815629147
23.153784703065867
33.1496838173867
24.406272400261756
22.59564270216357
29.166486486391843
21.337188942824945
20.00039201103523
32.89714918959677
20.013079580504264
22.653227655734362
22.242146199431982
22.209901140104762
20.770103545254823
24.086563641440748
27.416333331653682
16.03385401893843
22.44628382869793
19.773283958794497
22.582388476532042
21.4089671388022
21.20057016565863
25.14796798998472
19.451154921014226
24.112322177744435
23.264565976082658
22.93799148130273
17.147698499376812
23.992758255830584
25.073381075879148
24.637508338021227
21.0101294256783
22.91161208700334
21.12079874909532
26.71208955119548
22.041852248544103
17.33411915887474
26.199162008528955
22.452169877103415
25.913494422640582
24.97287264070495
24.51411874103752
19.750478866820774
23.498821492446016
20.99525242166663
23.233741237000853
18.35549004158144
23.29890857118144
20.176473871294462
