36.80085764723887
25.448577446294035
27.46071689331498
35.144590642474704
27.070280372210426
31.256167397125143
24.698617991191888
33.79377443978523
18.02707212909273
32.46173759126189
21.113879700408468
20.33918768203049
34.84040120185041
37.77778619255675
33.375432195242084
27.610945041495494
33.65319827497052
37.66857533712134
20.82567402349453
36.760038368952586
31.82045584757319
31.424236518218233
37.198070863751944
37.49876179308499
20.98589769087658
29.311049096777133
31.475281289228604
30.15583022668487
33.49358904362833
24.991744252325343
27.210071709342156
20.54943575831457
22.746275871339463
21.748528242173357
25.095755305507502
27.91860034230832
20.335493395096034
24.258511416649107
23.106115844792164
21.559274353295837
27.13800737135762
28.105571185392538
25.69774967252219
26.660487023918364
26.535165919023168
29.668855366814093
27.280056862104725
24.89875893227762
25.85525563744639
20.561842695493986
32.277746169124505
24.529439134148696
22.674455596355333
22.8657146001309
24.998845775077744
20.32422483825392
18.78942662207437
21.94369807180208
23.367300115656416
25.585658012236756
15.70025530765215
20.17914756347267
24.584942439133556
21.829696593084886
22.663478863130685
27.360756261789913
18.488293824256534
21.168434461372946
26.720644679718692
25.12033446244217
