37.720658812353705
35.098314661327414
34.3334026039812
34.61060386633409
31.44590563540833
42.49202024530537
30.063485376698655
36.87326552392242
19.150059544430803
32.56579183144557
40.585714947667995
37.37782489436616
33.73079858480631
23.585885045413296
21.538219251667396
41.35854497066472
24.863824830853076
39.0845095944849
18.799679168013128
20.63023630590725
28.436124862824794
19.98974414423524
33.07987808784251
26.29845084763435
31.875607449274913
27.66068291420151
36.85268511463556
30.10713725896063
36.80300888626332
38.5341682526696
21.29190713362032
20.26423621488786
27.19859237939761
21.472405588099132
24.984599160129342
22.27777397442112
21.884735810551007
22.028668350827314
29.630304970541147
21.260809942723387
20.945332904585722
24.050208244289067
23.634402375270206
22.74142101879791
19.188487412641088
17.526764787046428
24.19485961122198
21.49844044828345
23.28640990208847
20.317524873760927
20.4342040819047
30.457485092650487
29.934806523940548
23.3242768448557
22.401892260168747
26.550956777559218
19.582456009543918
16.309270780511216
25.3438162923922
25.132050717299748
23.550806476122048
28.75244768144561
21.303243592253065
22.07821668517629
23.75208282242848
20.92039359531624
22.747000892993643
22.1998699907383
24.324035354593846
21.548532211166876
