43.064893039209984
22.842241127100145
33.30266611227402
37.54004120992496
38.91069231214287
24.063928635222293
35.47471301637482
36.76139393672427
38.06440961925079
25.555256055908682
24.993370975977722
22.981034456502837
43.622776621408626
40.35185000291645
42.04058798475989
38.727141980450696
35.30447073746507
41.90594714047255
36.78929429556161
33.19387523261869
38.28527669199889
40.23255223415853
33.879498794888256
43.33740521658629
33.57992421238841
23.709595671843232
36.70559852225193
37.45670934207182
40.53449707902869
25.41207364266404
26.18263181340009
21.10695384547717
24.67411114478154
23.73237883495207
23.38893914434811
23.126314517410343
19.963734188217458
25.233387702773623
20.048601180468395
19.54926356149757
24.107840859382573
16.32065307191724
18.333905275222698
21.592571562883286
21.98398675120744
24.511801302441494
25.246481805520265
28.632988986029467
20.294073811476007
17.955561737499274
22.778826224845947
21.28648515947333
18.814575124010716
24.931171954534356
19.738765814218283
23.703689629100186
17.19336873678208
23.289188417803423
25.083050858315225
23.10120542703811
25.219542448541358
21.05486923255389
23.66721242874118
19.363117052208707
24.36448603970907
19.37134624592084
24.007320552445282
22.49287658803203
21.89598562792922
22.89348852855705
