35.73748816661983
30.81621486151002
22.146459149252824
30.16197528042564
34.63576681249365
36.3083749780019
28.473890284902915
36.38741088743147
38.81823534373474
40.1175968985481
41.70750113219496
40.06777543104892
20.39707749997629
36.71908274669484
14.960318470520745
39.8990699170667
36.39000224536469
20.555067193087716
35.8619549079434
33.17199270865734
22.095631968227746
34.537690251621775
36.13812366203068
41.111066024104716
33.67622517504221
42.39257430418493
37.140325308788654
22.874325614134637
35.65786574671598
19.54106395151592
21.21567472703236
24.40876762233967
26.680760400203436
23.85124364275939
20.15134750110373
25.192315721518774
24.92774306013801
22.254568650565005
27.08937122256662
24.02665459946557
24.21718120656896
20.18599826229913
22.199772984653656
23.927190356683795
21.40154752066767
23.467581183650466
27.324353543889515
24.385352205804676
22.08956468007551
27.289947443807325
23.09816787288292
25.63399332642258
25.740560993726344
19.13329681428669
27.13227443308192
24.270448124250827
20.290901567260626
22.67633000534539
19.88803101884479
25.11625449482667
17.911740474774916
20.2707312916241
25.744900705915676
24.053547758626816
23.459963287383108
22.193482988708208
25.969003540717885
26.20614616926052
22.76657258953002
25.07702575003318
