20.020441192214747
19.701559920983023
41.896266468006054
35.64423731759224
38.473850367453174
26.965000551356763
40.50608180561336
21.815987369240936
21.189600072800495
44.643864886095315
42.077039278810325
20.275338849694975
25.948081869626872
36.42230645787366
38.91613358922307
24.772465198086586
21.61710393473685
31.820646918111326
43.10081111364787
25.267139791389532
37.0758113053281
37.49744725887087
42.029340163702635
44.39515220530151
21.247966710909147
28.328604299257197
21.744368006136924
43.10739435474373
47.93935190408318
37.910591287549735
24.12204238889813
21.11497185376217
21.56671215743172
24.964459061309668
22.076023888432424
23.90842470712442
25.550504801501468
21.237342703589896
21.103608681994153
20.8280247157169
26.28138340593211
22.08687694371418
18.99950335801958
20.626920624336027
26.32685645556959
20.51208871860624
18.489458728325065
23.021887499361046
23.230699066686892
19.415715703339572
21.1250793448439
19.277391427956942
24.77235952310397
25.55606118179382
19.61098906332331
22.83512961557114
22.22045097667261
20.467840701482054
20.367562102088886
22.881902841722066
23.377716379960635
27.6848885802493
22.67989563306694
22.617378668347477
23.294016240933935
24.49993893940403
24.306160424529217
23.20792581776111
25.38017278510279
25.64316907433319
