43.78681889065104
37.37533272803703
40.91028343501011
40.62682875141326
40.27658250795378
42.21446437066821
41.960192084333755
42.73480592937769
20.186334291451075
36.08657104210414
41.568535640909126
45.6015389649041
41.208515114754746
37.57812896368565
24.179462674306222
22.844677625352606
22.027386484865335
29.079735340823248
38.05267117145709
21.766178270919102
22.919472079718844
16.977182340946868
21.167011039906622
20.185487683257566
25.133958089099583
41.031754155931395
21.14764225908099
35.56677376421109
41.920370312591665
24.1313659919501
24.16253826462548
25.164133378122404
24.536127152409872
24.661340339855123
21.054208284540913
18.687764054970923
19.766595716418053
23.12308604436898
23.678824030287355
25.388576612457413
23.83524224294773
23.312471058479655
24.56329894823061
21.524309631213313
26.81048590638626
22.996098146984842
25.57419683185411
23.623985289907896
22.72587862082513
23.71643987318265
23.011651634774672
23.402644049953935
25.803016341704993
18.61602979447554
24.53226330851157
24.039194601400066
20.741708178855603
23.694023773379385
19.924081697347333
20.26917000663696
22.687196939121055
26.32785217749713
22.93434027063514
19.58345433491532
30.015179578199106
19.058981168215684
18.845066281571995
22.574800162232556
24.10592446952954
22.84227511984163
