31.868266615442607
27.393397282992222
36.67308493215149
22.88416425366946
32.9083951966042
21.537940428295542
26.92522465094111
21.765396041182115
23.248886484351214
22.576602545471008
36.38160414906903
27.02045280684544
24.643827202109243
24.16593376582114
17.24721077508375
23.969929337303327
18.019854164558744
23.95630107735847
25.743122150807572
29.95704712145314
30.488892742011664
23.186418637802408
27.49416855842164
28.782364775574536
21.784573755484644
25.88039388661513
25.113902474517563
24.95112514686324
19.827898282613376
21.32943226845873
22.34890657742655
20.463960925270662
20.914332438605864
26.57834948608279
19.878815796493974
27.111925485582425
20.713696030332994
22.988338910933457
18.060896800678336
24.459061252830303
23.269345307987635
21.39075381040771
20.266209687970473
21.52691760217682
23.982914430935907
26.35952703417133
27.624630508398635
22.95861635183969
22.8697655258397
24.004619284635442
22.478487457549786
29.139043806102457
25.282730677097437
23.507236801296884
29.43389959543394
28.620854277293574
22.566922872552585
27.25175215682769
24.3892874511293
24.722164273135228
30.359046011104834
22.103495725812373
40.103298128042105
24.11721876303539
23.157440805116284
23.202190977753816
17.550816099167324
24.350723741793356
23.546367867148017
23.368734913647625
